67 50 2688
58 50 3360
62 50 0
67 50 0
58 50 0
62 50 0
67 50 0
58 50 0
62 50 0
67 50 0
58 50 0
63 50 0
70 50 0
58 50 0
62 50 0
67 50 0
58 50 0
63 50 0
70 50 0
58 50 0
62 50 0
67 50 0
67 50 0
70 50 0
74 50 0
67 50 0
70 50 0
74 50 0
67 50 0
70 50 0
74 50 0
66 50 0
70 50 0
75 50 0
70 50 0
63 50 0
66 50 0
58 50 0
63 50 0
70 50 0
58 50 0
62 50 0
67 50 0
67 50 0
70 50 0
74 50 0
79 50 0
67 50 0
67 50 0
67 50 0
70 50 0
74 50 0
79 50 0
66 50 0
78 50 0
65 50 0
77 50 0
64 50 0
68 50 0
73 50 0
76 50 0
63 50 0
75 50 0
64 50 0
76 50 0
56 50 288
68 50 0
61 50 0
64 50 0
68 50 0
73 50 0
60 50 0
72 50 0
59 50 0
71 50 0
58 50 0
63 50 0
66 50 0
70 50 0
57 50 0
69 50 0
58 50 0
70 50 0
51 50 288
63 50 0
54 50 0
66 50 0
51 50 0
63 50 0
54 50 0
66 50 0
58 50 0
62 50 0
67 50 0
70 50 0
58 50 0
63 50 0
67 50 0
70 50 0
62 50 0
67 50 0
70 50 0
74 50 0
67 50 0
70 50 0
75 50 0
79 50 0
67 50 0
67 50 0
67 50 0
70 50 0
74 50 0
79 50 0
66 50 0
78 50 0
65 50 0
77 50 0
64 50 0
68 50 0
73 50 0
76 50 0
63 50 0
75 50 0
64 50 0
76 50 0
56 50 288
68 50 0
61 50 0
64 50 0
68 50 0
73 50 0
60 50 0
72 50 0
59 50 0
71 50 0
58 50 0
63 50 0
66 50 0
70 50 0
57 50 0
69 50 0
58 50 0
70 50 0
51 50 288
63 50 0
54 50 0
58 50 0
63 50 0
66 50 0
54 50 0
58 50 0
63 50 0
70 50 0
58 50 0
62 50 0
67 50 0
58 50 0
63 50 0
70 50 0
58 50 0
62 50 0
67 50 0
55 50 3072
67 50 0
55 50 0
67 50 0
55 50 0
67 50 0
55 50 0
67 50 0
55 50 0
67 50 0
55 50 0
67 50 0
55 50 0
67 50 0
66 50 0
78 50 0
66 50 0
78 50 0
66 50 0
78 50 0
74 50 0
74 50 0
74 50 0
75 50 0
75 50 0
77 50 0
79 50 0
79 50 0
79 50 0
81 50 0
81 50 0
82 50 0
67 50 0
74 50 0
75 50 0
72 50 0
67 50 0
82 50 0
81 50 0
78 50 0
67 50 0
86 50 0
85 50 0
81 50 0
84 50 0
67 50 0
82 50 0
78 50 0
67 50 0
75 50 0
67 50 0
74 50 0
75 50 0
72 50 0
67 50 0
82 50 0
81 50 0
78 50 0
67 50 0
91 50 0
86 50 0
82 50 0
80 50 0
67 50 0
75 50 0
73 50 0
69 50 0
62 50 192
63 50 0
60 50 0
58 50 192
70 50 0
56 50 0
69 50 0
61 50 0
66 50 0
66 50 192
74 50 0
67 50 0
73 50 0
62 50 0
69 50 0
65 50 0
72 50 0
64 50 0
70 50 0
63 50 0
66 50 0
59 50 0
63 50 0
57 50 192
72 50 0
58 50 0
71 50 0
62 50 0
68 50 0
63 50 192
75 50 0
62 50 0
74 50 0
66 50 0
71 50 0
62 50 192
83 50 0
63 50 0
82 50 0
69 50 0
79 50 0
68 50 0
81 50 0
67 50 0
80 50 0
63 50 0
77 50 0
59 50 0
74 50 0
69 50 192
68 50 0
65 50 0
72 50 192
71 50 0
68 50 0
76 50 192
75 50 0
71 50 0
64 50 192
65 50 0
62 50 0
69 50 192
68 50 0
65 50 0
81 50 192
80 50 0
77 50 0
74 50 0
71 50 0
68 50 0
65 50 0
76 50 2496
77 50 0
74 50 0
72 50 192
71 50 0
68 50 0
81 50 192
80 50 0
71 50 0
77 50 0
76 50 0
72 50 0
69 50 0
70 50 0
58 50 0
58 50 0
70 50 0
69 50 0
68 50 0
67 50 0
66 50 0
67 50 0
55 50 96
59 50 0
64 50 0
67 50 0
59 50 0
64 50 0
67 50 0
71 50 0
59 50 0
64 50 34
67 50 34
71 50 34
76 50 34
71 50 0
71 50 192
83 50 0
72 50 0
84 50 0
69 50 0
81 50 0
76 50 192
88 50 0
73 50 0
85 50 0
69 50 0
81 50 0
78 50 0
90 50 0
78 50 192
90 50 0
61 50 0
66 50 0
69 50 0
73 50 64
77 50 32
78 50 32
69 50 0
73 50 0
78 50 0
81 50 64
84 50 32
85 50 32
73 50 0
69 50 0
73 50 0
78 50 64
81 50 32
85 50 32
85 50 384
87 50 0
84 50 0
82 50 192
84 50 0
81 50 0
77 50 192
78 50 0
75 50 0
73 50 0
77 50 0
81 50 64
82 50 32
85 50 32
58 50 6336
62 50 0
67 50 0
58 50 0
62 50 0
67 50 0
58 50 0
62 50 0
67 50 0
58 50 0
63 50 0
70 50 0
58 50 0
62 50 0
67 50 0
58 50 0
63 50 0
70 50 0
58 50 0
62 50 0
67 50 0
67 50 0
70 50 0
74 50 0
67 50 0
70 50 0
74 50 0
67 50 0
70 50 0
74 50 0
66 50 0
70 50 0
75 50 0
70 50 0
63 50 0
66 50 0
58 50 0
63 50 0
70 50 0
58 50 0
62 50 0
67 50 0
67 50 0
70 50 0
74 50 0
79 50 0
67 50 0
67 50 0
67 50 0
70 50 0
74 50 0
79 50 0
66 50 0
78 50 0
65 50 0
77 50 0
64 50 0
68 50 0
73 50 0
76 50 0
63 50 0
75 50 0
64 50 0
76 50 0
56 50 288
68 50 0
61 50 0
64 50 0
68 50 0
73 50 0
60 50 0
72 50 0
59 50 0
71 50 0
58 50 0
63 50 0
66 50 0
70 50 0
57 50 0
69 50 0
58 50 0
70 50 0
51 50 288
63 50 0
54 50 0
66 50 0
51 50 0
63 50 0
54 50 0
66 50 0
58 50 0
62 50 0
67 50 0
70 50 0
58 50 0
63 50 0
67 50 0
70 50 0
62 50 0
67 50 0
70 50 0
74 50 0
67 50 0
70 50 0
75 50 0
79 50 0
67 50 0
67 50 0
67 50 0
70 50 0
74 50 0
79 50 0
66 50 0
78 50 0
65 50 0
77 50 0
64 50 0
68 50 0
73 50 0
76 50 0
63 50 0
75 50 0
64 50 0
76 50 0
56 50 288
68 50 0
61 50 0
64 50 0
68 50 0
73 50 0
60 50 0
72 50 0
59 50 0
71 50 0
58 50 0
63 50 0
66 50 0
70 50 0
57 50 0
69 50 0
58 50 0
70 50 0
51 50 288
63 50 0
54 50 0
58 50 0
63 50 0
66 50 0
54 50 0
58 50 0
63 50 0
70 50 0
58 50 0
62 50 0
67 50 0
58 50 0
63 50 0
70 50 0
58 50 0
62 50 0
67 50 0
67 50 0
79 50 0
67 50 0
79 50 0
67 50 0
79 50 0
63 50 0
75 50 0
70 50 0
82 50 0
67 50 0
79 50 0
63 50 0
75 50 0
70 50 0
82 50 0
67 50 0
79 50 0
74 50 0
86 50 0
74 50 0
86 50 0
74 50 0
86 50 0
75 50 0
87 50 0
70 50 0
82 50 0
66 50 0
78 50 0
63 50 0
75 50 0
70 50 0
82 50 0
67 50 0
79 50 0
79 50 0
82 50 0
87 50 0
91 50 0
79 50 0
79 50 0
79 50 0
82 50 0
86 50 0
91 50 0
78 50 0
90 50 0
77 50 0
89 50 0
76 50 0
80 50 0
85 50 0
88 50 0
75 50 0
87 50 0
76 50 0
88 50 0
68 50 288
80 50 0
73 50 0
76 50 0
80 50 0
85 50 0
72 50 0
84 50 0
71 50 0
83 50 0
70 50 0
75 50 0
78 50 0
82 50 0
69 50 0
81 50 0
70 50 0
82 50 0
63 50 288
75 50 0
66 50 0
70 50 0
75 50 0
78 50 0
66 50 0
70 50 0
75 50 0
82 50 0
70 50 0
74 50 0
79 50 0
70 50 0
75 50 0
82 50 0
70 50 0
74 50 0
79 50 0
58 50 6144
62 50 0
67 50 0
58 50 0
62 50 0
67 50 0
58 50 0
62 50 0
67 50 0
58 50 0
63 50 0
70 50 0
58 50 0
62 50 0
67 50 0
58 50 0
63 50 0
70 50 0
58 50 0
62 50 0
67 50 0
58 50 0
63 50 0
70 50 0
58 50 0
62 50 0
67 50 0
67 50 0
67 50 0
67 50 64
67 50 32
67 50 32
67 50 0
67 50 0
67 50 0
67 50 0
67 50 0
67 50 0
67 50 0
67 50 0
67 50 64
67 50 32
67 50 32
67 50 0
67 50 0
67 50 0
67 50 0
67 50 0
67 50 0
67 50 64
67 50 32
59 50 32
63 50 0
68 50 0
63 50 1536
65 50 64
67 50 32
69 50 32
70 50 33
72 50 32
74 50 32
72 50 33
74 50 32
75 50 32
78 50 33
79 50 32
81 50 32
82 50 33
84 50 32
86 50 32
87 50 33
90 50 32
79 50 32
82 50 0
91 50 0
79 50 0
82 50 0
91 50 0
79 50 0
82 50 0
91 50 0
79 50 64
82 50 0
91 50 0
79 50 32
82 50 0
91 50 0
75 50 32
79 50 0
87 50 0
75 50 0
79 50 0
87 50 0
79 50 0
82 50 0
91 50 0
75 50 288
79 50 0
87 50 0
75 50 64
79 50 0
87 50 0
75 50 32
79 50 0
87 50 0
75 50 32
79 50 0
87 50 0
75 50 33
79 50 0
87 50 0
75 50 32
79 50 0
87 50 0
79 50 32
82 50 0
91 50 0
75 50 288
79 50 0
87 50 0
75 50 64
79 50 0
87 50 0
75 50 32
79 50 0
87 50 0
79 50 32
82 50 0
91 50 0
55 50 96
67 50 0
55 50 64
67 50 0
55 50 32
67 50 0
55 50 32
67 50 0
55 50 0
43 50 0
55 50 0
43 50 0
55 50 0
55 50 64
55 50 32
55 50 0
43 50 0
55 50 0
55 50 0
54 50 0
39 50 0
54 50 0
54 50 0
55 50 0
43 50 0
55 50 0
43 50 0
55 50 0
55 50 64
55 50 32
55 50 0
43 50 0
55 50 0
55 50 0
54 50 0
39 50 0
54 50 0
54 50 0
55 50 0
43 50 0
55 50 0
43 50 0
55 50 0
55 50 64
55 50 32
55 50 0
43 50 0
55 50 0
55 50 0
54 50 0
39 50 0
54 50 0
54 50 0
55 50 0
43 50 0
55 50 0
43 50 0
55 50 0
55 50 64
55 50 32
55 50 0
43 50 0
55 50 0
55 50 0
54 50 0
39 50 0
54 50 0
54 50 0
43 50 0
50 50 0
55 50 0
43 50 0
50 50 0
55 50 0
43 50 0
50 50 0
55 50 0
42 50 0
51 50 0
54 50 0
43 50 0
50 50 0
55 50 0
42 50 0
51 50 0
54 50 0
43 50 0
50 50 0
55 50 192
55 50 0
55 50 0
55 50 0
55 50 0
55 50 0
43 50 0
50 50 0
55 50 0
43 50 0
50 50 0
55 50 0
43 50 0
50 50 0
55 50 0
42 50 0
51 50 0
54 50 0
39 50 0
46 50 0
51 50 0
36 50 0
43 50 0
48 50 0
43 50 0
50 50 0
55 50 192
55 50 0
55 50 0
55 50 0
55 50 0
55 50 0
43 50 0
50 50 0
55 50 0
43 50 0
50 50 0
55 50 0
43 50 0
50 50 0
55 50 0
43 50 0
50 50 0
55 50 0
37 50 0
44 50 0
49 50 0
37 50 0
44 50 0
49 50 0
37 50 0
44 50 0
49 50 0
37 50 0
44 50 0
49 50 0
39 50 0
46 50 0
51 50 0
39 50 0
46 50 0
51 50 0
36 50 0
43 50 0
48 50 0
39 50 0
46 50 0
51 50 0
43 50 0
50 50 0
55 50 0
39 50 0
46 50 0
51 50 0
43 50 0
50 50 0
55 50 0
43 50 0
50 50 0
55 50 0
39 50 0
46 50 0
51 50 0
39 50 0
46 50 0
51 50 0
43 50 0
50 50 0
55 50 0
43 50 0
50 50 0
55 50 0
37 50 0
44 50 0
49 50 0
37 50 0
44 50 0
49 50 0
37 50 0
44 50 0
49 50 0
37 50 0
44 50 0
49 50 0
39 50 0
46 50 0
51 50 0
39 50 0
46 50 0
51 50 0
39 50 0
46 50 0
51 50 0
36 50 0
43 50 0
48 50 0
43 50 0
50 50 0
55 50 0
42 50 0
46 50 0
51 50 0
54 50 0
43 50 0
50 50 0
55 50 0
43 50 0
50 50 0
55 50 0
55 50 0
43 50 0
55 50 0
43 50 0
55 50 0
55 50 64
55 50 32
55 50 0
43 50 0
55 50 0
55 50 0
54 50 0
39 50 0
54 50 0
54 50 0
55 50 0
43 50 0
55 50 0
43 50 0
55 50 0
55 50 64
55 50 32
55 50 0
43 50 0
55 50 0
55 50 0
54 50 0
39 50 0
54 50 0
54 50 0
43 50 0
50 50 0
43 50 0
50 50 0
43 50 0
50 50 0
39 50 0
46 50 0
43 50 0
50 50 0
55 50 0
43 50 0
50 50 0
57 50 0
43 50 0
50 50 0
58 50 0
43 50 0
50 50 0
54 50 0
55 50 0
55 50 576
55 50 576
55 50 576
55 50 192
55 50 192
55 50 576
55 50 576
55 50 576
43 50 576
50 50 0
51 50 0
48 50 0
43 50 0
43 50 576
43 50 576
43 50 192
44 50 192
44 50 576
44 50 576
33 50 576
45 50 0
45 50 576
57 50 0
45 50 0
57 50 0
45 50 0
57 50 0
41 50 0
53 50 0
48 50 0
60 50 0
45 50 0
57 50 0
41 50 0
53 50 0
48 50 0
60 50 0
45 50 0
57 50 0
52 50 0
64 50 0
52 50 0
64 50 0
64 50 0
48 50 0
65 50 0
44 50 0
60 50 0
56 50 0
41 50 0
53 50 0
38 50 0
60 50 0
45 50 0
57 50 0
58 50 0
70 50 0
46 50 0
58 50 0
46 50 0
58 50 0
58 50 0
70 50 0
57 50 0
69 50 0
56 50 0
68 50 0
55 50 0
67 50 0
54 50 0
66 50 0
55 50 0
67 50 0
47 50 288
59 50 0
52 50 0
64 50 0
51 50 576
63 50 0
50 50 0
62 50 0
49 50 0
61 50 0
48 50 0
60 50 0
49 50 0
61 50 0
42 50 288
54 50 0
45 50 0
57 50 0
42 50 0
54 50 0
49 50 0
61 50 0
46 50 0
58 50 0
42 50 0
54 50 0
49 50 0
61 50 0
46 50 0
58 50 0
46 50 0
58 50 0
46 50 0
58 50 0
46 50 0
58 50 0
46 50 0
58 50 0
46 50 0
58 50 0
59 50 96
47 50 0
59 50 0
47 50 0
59 50 0
59 50 64
59 50 32
59 50 0
47 50 0
59 50 0
59 50 0
58 50 0
46 50 0
58 50 0
58 50 0
59 50 0
47 50 0
59 50 0
47 50 0
59 50 0
59 50 64
59 50 32
59 50 0
47 50 0
59 50 0
59 50 0
58 50 0
46 50 0
58 50 0
58 50 0
60 50 0
48 50 0
60 50 0
48 50 0
60 50 0
60 50 64
60 50 32
60 50 0
48 50 0
60 50 0
60 50 0
59 50 0
47 50 0
56 50 0
59 50 0
59 50 0
60 50 0
48 50 0
60 50 0
48 50 0
60 50 0
60 50 64
60 50 32
60 50 0
48 50 0
60 50 0
60 50 0
59 50 0
47 50 0
56 50 0
59 50 0
59 50 0
43 50 0
50 50 0
55 50 0
43 50 0
50 50 0
55 50 0
43 50 0
50 50 0
55 50 0
42 50 0
51 50 0
54 50 0
43 50 0
50 50 0
55 50 0
42 50 0
51 50 0
54 50 0
43 50 0
50 50 0
55 50 192
55 50 0
55 50 0
55 50 0
55 50 0
55 50 0
43 50 0
50 50 0
55 50 0
43 50 0
50 50 0
55 50 0
43 50 0
50 50 0
55 50 0
42 50 0
51 50 0
54 50 0
39 50 0
46 50 0
51 50 0
36 50 0
43 50 0
48 50 0
43 50 0
50 50 0
55 50 192
55 50 0
55 50 0
55 50 0
55 50 0
55 50 0
43 50 0
50 50 0
55 50 0
43 50 0
50 50 0
55 50 0
43 50 0
50 50 0
55 50 0
43 50 0
50 50 0
55 50 0
37 50 0
44 50 0
49 50 0
37 50 0
44 50 0
49 50 0
37 50 0
44 50 0
49 50 0
37 50 0
44 50 0
49 50 0
39 50 0
46 50 0
51 50 0
39 50 0
46 50 0
51 50 0
36 50 0
43 50 0
48 50 0
39 50 0
46 50 0
51 50 0
43 50 0
50 50 0
55 50 0
39 50 0
46 50 0
51 50 0
43 50 0
50 50 0
55 50 0
43 50 0
50 50 0
55 50 0
39 50 0
46 50 0
51 50 0
39 50 0
46 50 0
51 50 0
43 50 0
50 50 0
55 50 0
43 50 0
50 50 0
55 50 0
37 50 0
44 50 0
49 50 0
37 50 0
44 50 0
49 50 0
37 50 0
44 50 0
49 50 0
37 50 0
44 50 0
49 50 0
39 50 0
46 50 0
51 50 0
39 50 0
46 50 0
51 50 0
39 50 0
46 50 0
51 50 0
36 50 0
43 50 0
48 50 0
43 50 0
50 50 0
55 50 0
42 50 0
46 50 0
51 50 0
54 50 0
43 50 0
50 50 0
55 50 0
43 50 0
50 50 0
55 50 0
43 50 384
50 50 0
55 50 0
43 50 0
50 50 0
55 50 0
43 50 0
50 50 0
55 50 0
43 50 288
50 50 0
55 50 0
42 50 192
46 50 0
51 50 0
54 50 0
43 50 192
50 50 0
55 50 0
42 50 192
46 50 0
51 50 0
54 50 0
43 50 192
50 50 0
55 50 0
43 50 0
50 50 0
55 50 0
43 50 0
50 50 0
55 50 0
43 50 0
50 50 0
55 50 0
43 50 0
50 50 0
55 50 0
43 50 288
50 50 0
55 50 0
43 50 192
50 50 0
55 50 0
43 50 0
50 50 0
55 50 0
43 50 192
50 50 0
55 50 0
39 50 192
51 50 0
36 50 192
48 50 0
39 50 192
51 50 0
43 50 192
50 50 0
55 50 0
43 50 0
50 50 0
55 50 0
43 50 0
50 50 0
55 50 0
43 50 0
50 50 0
55 50 0
43 50 0
50 50 0
55 50 0
43 50 96
51 50 0
55 50 0
43 50 0
51 50 0
55 50 0
43 50 0
50 50 0
55 50 0
43 50 0
50 50 0
55 50 0
37 50 0
44 50 0
49 50 0
37 50 0
44 50 0
49 50 0
37 50 0
44 50 0
49 50 0
37 50 0
44 50 0
49 50 0
39 50 0
46 50 0
51 50 0
39 50 0
46 50 0
51 50 0
39 50 0
46 50 0
51 50 0
36 50 0
43 50 0
48 50 0
43 50 0
50 50 0
55 50 0
42 50 0
46 50 0
51 50 0
54 50 0
43 50 0
50 50 0
55 50 0
43 50 0
50 50 0
55 50 0
43 50 0
50 50 0
55 50 0
43 50 0
50 50 0
55 50 0
43 50 0
50 50 0
55 50 0
43 50 0
50 50 0
55 50 0
55 50 96
43 50 0
55 50 0
43 50 0
55 50 0
55 50 64
55 50 32
55 50 0
43 50 0
55 50 0
55 50 0
51 50 0
54 50 0
39 50 0
54 50 0
54 50 0
55 50 0
43 50 0
55 50 0
43 50 0
55 50 0
55 50 64
55 50 32
55 50 0
43 50 0
55 50 0
55 50 0
51 50 0
54 50 0
39 50 0
54 50 0
54 50 0
55 50 0
43 50 0
55 50 0
43 50 0
55 50 0
55 50 64
55 50 32
55 50 0
43 50 0
55 50 0
55 50 0
54 50 0
58 50 0
39 50 0
54 50 0
54 50 0
55 50 0
43 50 0
55 50 0
43 50 0
55 50 0
55 50 64
55 50 32
55 50 0
43 50 0
55 50 0
55 50 0
54 50 0
58 50 0
39 50 0
54 50 0
54 50 0
55 50 0
54 50 0
52 50 0
50 50 0
48 50 0
46 50 0
45 50 0
44 50 0
43 50 0
45 50 0
46 50 0
46 50 64
46 50 32
48 50 32
50 50 0
50 50 0
51 50 0
51 50 0
52 50 0
53 50 0
54 50 0
54 50 0
54 50 64
54 50 32
55 50 32
55 50 0
55 50 0
57 50 0
57 50 0
57 50 0
58 50 0
38 50 0
58 50 64
58 50 32
48 50 0
59 50 0
39 50 0
46 50 33
48 50 32
50 50 32
48 50 33
50 50 32
51 50 32
50 50 33
51 50 32
53 50 32
51 50 33
53 50 32
54 50 32
53 50 33
54 50 32
55 50 32
54 50 33
55 50 32
57 50 32
55 50 33
57 50 32
58 50 32
55 50 33
57 50 32
58 50 32
60 50 33
62 50 32
43 50 0
50 50 0
55 50 0
43 50 0
50 50 0
55 50 0
43 50 0
50 50 0
55 50 0
43 50 64
50 50 0
55 50 0
43 50 32
50 50 0
55 50 0
39 50 32
46 50 0
51 50 0
39 50 0
46 50 0
51 50 0
31 50 192
38 50 0
43 50 0
39 50 192
46 50 0
51 50 0
31 50 0
38 50 0
43 50 0
39 50 0
51 50 0
38 50 0
50 50 0
31 50 0
38 50 0
43 50 0
