40 15 0
40 16 82
52 16 68
40 16 73
40 16 72
50 16 67
40 15 68
40 16 68
48 16 68
40 15 68
40 16 67
46 16 68
40 16 68
40 16 68
47 16 72
48 17 83
40 16 58
40 16 68
52 16 68
40 15 67
40 15 68
50 15 68
40 16 68
40 15 68
48 17 67
40 16 72
40 16 73
46 16 68
40 15 12
40 15 82
52 16 68
40 15 68
40 16 72
50 16 73
40 16 68
40 16 67
48 17 68
40 15 68
40 15 67
46 16 68
40 16 68
40 16 68
47 16 68
48 16 86
40 16 58
40 15 68
52 17 68
40 16 68
40 15 68
50 16 67
40 16 68
40 16 68
48 17 67
40 16 68
40 16 73
46 16 72
40 15 8
40 15 4
40 16 78
40 16 5
52 16 68
52 16 0
40 16 67
40 16 0
40 16 68
40 16 0
50 16 68
50 16 5
40 15 67
40 15 5
40 16 63
40 16 4
48 16 63
48 16 5
40 15 64
40 15 4
40 16 63
40 16 5
46 16 63
46 16 5
40 16 63
40 16 4
40 16 68
40 16 0
47 16 68
47 16 0
48 17 83
48 17 0
40 16 54
40 16 4
40 16 67
40 16 5
52 16 64
52 16 4
40 15 63
40 15 5
40 15 63
40 15 5
50 15 63
50 15 4
40 16 63
40 16 5
40 15 64
40 15 4
48 17 68
48 17 0
40 16 68
40 16 0
40 16 67
40 16 0
46 16 68
46 16 4
40 15 12
40 15 4
40 15 78
40 15 5
52 16 63
52 16 5
40 15 67
40 15 0
40 16 68
40 16 0
50 16 68
50 16 0
40 16 68
40 16 4
40 16 68
40 16 4
48 17 63
48 17 5
40 15 64
40 15 4
40 15 63
40 15 5
46 16 64
46 16 4
40 16 63
40 16 4
40 16 63
40 16 5
47 16 68
47 16 0
48 16 83
48 16 0
40 16 54
40 16 0
40 15 67
40 15 5
52 17 68
52 17 4
40 16 63
40 16 5
40 15 64
40 15 4
50 16 63
50 16 4
40 16 63
40 16 5
40 16 64
40 16 4
63 16 63
66 16 5
60 15 25
64 15 5
59 16 38
63 16 0
63 15 24
66 15 5
66 16 24
69 16 0
64 14 25
67 14 4
63 16 25
66 16 0
59 15 25
63 15 5
63 16 25
66 16 5
64 14 25
67 14 4
66 16 25
69 16 4
67 15 20
71 15 5
66 16 25
69 16 4
64 14 25
67 14 0
63 16 24
66 16 5
59 15 25
63 15 0
40 15 25
40 15 4
40 16 25
40 16 5
52 16 64
52 16 4
40 16 63
40 16 4
40 16 68
40 16 0
50 16 68
50 16 0
40 15 68
40 15 0
40 16 68
40 16 5
48 16 67
48 16 5
40 15 63
40 15 4
40 16 63
40 16 5
46 16 64
46 16 4
40 16 63
40 16 4
40 16 63
40 16 5
47 16 64
47 16 4
48 17 83
48 17 0
40 16 54
40 16 0
40 16 67
40 16 0
52 16 68
52 16 4
40 15 68
40 15 5
40 15 64
40 15 4
50 15 63
50 15 5
40 16 63
40 16 5
40 15 63
40 15 4
48 17 63
48 17 5
40 16 64
40 16 4
40 16 67
40 16 0
46 16 68
46 16 0
40 15 12
40 15 4
40 15 78
40 15 5
52 16 64
52 16 4
40 15 63
40 15 5
40 16 63
40 16 5
50 16 67
50 16 0
40 16 68
40 16 0
40 16 68
40 16 0
48 17 67
48 17 5
40 15 68
40 15 4
40 15 63
40 15 5
46 16 64
46 16 4
40 16 63
40 16 5
40 16 63
40 16 5
47 16 63
47 16 4
48 16 78
48 16 5
40 16 54
40 16 0
40 15 68
40 15 0
52 17 68
52 17 0
40 16 67
40 16 5
40 15 54
40 15 4
50 16 63
50 16 5
40 16 63
40 16 5
40 16 63
40 16 4
67 16 63
71 16 5
64 15 25
67 15 5
59 16 35
64 16 4
64 15 25
67 15 4
67 16 20
71 16 5
64 14 25
67 14 4
67 16 25
71 16 0
71 15 24
76 15 5
67 16 25
71 16 0
64 14 25
67 14 4
67 16 25
71 16 0
64 15 25
67 15 5
67 16 25
71 16 5
71 14 25
76 14 4
76 16 25
79 16 4
79 15 20
83 15 4
45 15 25
45 15 4
45 16 25
45 16 5
57 16 64
57 16 4
45 16 63
45 16 5
45 16 63
45 16 5
55 16 63
55 16 4
45 15 68
45 15 0
45 16 68
45 16 0
53 16 68
53 16 0
45 15 68
45 15 4
45 16 67
45 16 5
51 16 64
51 16 4
45 16 63
45 16 5
45 16 64
45 16 4
52 16 63
52 16 4
53 17 78
53 17 5
45 16 50
45 16 4
45 16 68
45 16 0
57 16 68
57 16 0
45 15 67
45 15 0
45 15 68
45 15 4
55 15 68
55 15 5
45 16 64
45 16 4
45 15 63
45 15 4
53 17 63
53 17 5
45 16 64
45 16 4
45 16 63
45 16 5
51 16 64
51 16 4
45 15 12
45 15 4
45 15 78
45 15 5
57 16 64
57 16 4
45 15 63
45 15 5
45 16 64
45 16 4
55 16 63
55 16 4
45 16 63
45 16 5
45 16 68
45 16 0
53 17 68
53 17 0
45 15 68
45 15 0
45 15 67
45 15 5
51 16 68
51 16 4
45 16 63
45 16 5
45 16 64
45 16 4
52 16 63
52 16 4
53 16 78
53 16 5
45 16 50
45 16 4
45 15 63
45 15 5
57 17 68
57 17 0
45 16 67
45 16 0
45 15 59
45 15 0
55 16 68
55 16 5
45 16 68
45 16 4
45 16 63
45 16 5
69 16 63
64 16 5
65 15 24
62 15 0
64 16 39
60 16 4
69 15 25
64 15 0
64 16 25
60 16 5
60 14 25
57 14 5
64 16 25
60 16 4
69 15 25
64 15 4
72 16 20
69 16 4
69 14 25
64 14 4
64 16 25
60 16 0
69 15 25
64 15 5
64 16 25
60 16 0
69 14 25
64 14 4
64 16 25
60 16 0
60 15 25
57 15 5
40 15 25
40 15 5
40 16 24
40 16 5
52 16 63
52 16 4
40 16 63
40 16 5
40 16 64
40 16 4
50 16 63
50 16 5
40 15 63
40 15 5
40 16 63
40 16 4
48 16 68
48 16 0
40 15 68
40 15 0
40 16 67
40 16 0
46 16 68
46 16 4
40 16 68
40 16 5
40 16 64
40 16 4
47 16 63
47 16 5
48 17 77
48 17 5
40 16 50
40 16 4
40 16 63
40 16 5
52 16 64
52 16 4
40 15 68
40 15 0
40 15 68
40 15 0
50 15 67
50 15 0
40 16 68
40 16 4
40 15 68
40 15 5
48 17 63
48 17 5
40 16 63
40 16 4
40 16 63
40 16 5
46 16 64
46 16 4
40 15 12
40 15 0
40 15 83
40 15 4
52 16 68
52 16 4
40 15 63
40 15 5
40 16 64
40 16 4
50 16 63
50 16 5
40 16 63
40 16 5
40 16 63
40 16 4
48 17 63
48 17 5
40 15 68
40 15 0
40 15 68
40 15 0
46 16 68
46 16 0
40 16 67
40 16 5
40 16 68
40 16 4
47 16 63
47 16 5
48 16 78
48 16 4
40 16 50
40 16 4
40 15 63
40 15 5
52 17 64
52 17 4
40 16 63
40 16 5
40 15 68
40 15 0
50 16 67
50 16 0
40 16 68
40 16 0
40 16 68
40 16 5
48 17 68
48 17 4
40 16 63
40 16 4
40 16 63
40 16 5
46 16 64
46 16 4
49 15 12
49 15 0
49 16 83
49 16 0
61 16 68
61 16 4
49 16 67
49 16 5
49 16 64
49 16 4
59 16 63
59 16 5
49 15 64
49 15 4
49 16 63
49 16 4
57 16 63
57 16 5
49 15 64
49 15 4
49 16 68
49 16 0
55 16 68
55 16 0
49 16 67
49 16 0
49 16 68
49 16 4
56 16 68
56 16 5
57 17 78
57 17 4
47 16 50
47 16 4
47 16 63
47 16 5
59 16 64
59 16 4
47 15 63
47 15 5
47 15 64
47 15 4
57 15 67
57 15 0
47 16 68
47 16 0
47 15 68
47 15 0
55 17 68
55 17 4
46 16 68
46 16 4
45 16 63
45 16 5
53 16 64
53 16 4
40 15 12
40 15 0
40 15 83
40 15 0
52 16 68
52 16 0
40 15 67
40 15 5
40 16 68
40 16 4
50 16 63
50 16 5
40 16 64
40 16 4
40 16 63
40 16 4
48 17 63
48 17 5
40 15 64
40 15 4
40 15 63
40 15 5
46 16 68
46 16 0
40 16 67
40 16 0
40 16 68
40 16 0
47 16 68
47 16 5
48 16 78
48 16 4
40 16 54
40 16 5
40 15 63
40 15 5
52 17 63
52 17 4
40 16 63
40 16 5
40 15 64
40 15 4
50 16 63
50 16 4
40 16 68
40 16 0
40 16 68
40 16 0
67 16 68
64 16 0
71 15 25
67 15 5
64 16 38
59 16 5
59 15 25
55 15 4
67 16 24
64 16 5
64 14 20
59 14 4
71 16 25
67 16 4
67 15 25
64 15 0
71 16 25
67 16 5
67 14 25
64 14 0
64 16 25
59 16 4
59 15 25
55 15 0
67 16 25
64 16 5
71 14 25
67 14 4
76 16 24
71 16 5
79 15 24
76 15 5
40 15 21
40 15 4
40 16 25
40 16 0
52 16 68
52 16 0
40 16 67
40 16 0
40 16 68
40 16 4
50 16 68
50 16 5
40 15 64
40 15 4
40 16 63
40 16 5
48 16 63
48 16 5
40 15 63
40 15 4
40 16 63
40 16 5
46 16 64
46 16 4
40 16 68
40 16 0
40 16 68
40 16 0
47 16 67
47 16 0
48 17 83
48 17 4
40 16 54
40 16 5
40 16 63
40 16 5
52 16 63
52 16 4
40 15 63
40 15 5
40 15 64
40 15 4
50 15 63
50 15 5
40 16 63
40 16 5
40 15 67
40 15 0
48 17 68
48 17 0
40 16 68
40 16 0
40 16 68
40 16 4
46 16 68
46 16 4
40 15 8
40 15 4
40 15 78
40 15 5
52 16 68
52 16 0
40 15 68
40 15 0
40 16 68
40 16 0
50 16 67
50 16 5
40 16 68
40 16 4
40 16 63
40 16 5
48 17 64
48 17 4
40 15 63
40 15 4
40 15 63
40 15 5
46 16 64
46 16 4
40 16 63
40 16 5
40 16 68
40 16 0
47 16 67
47 16 0
48 16 83
48 16 0
40 16 54
40 16 5
40 15 68
40 15 4
52 17 63
52 17 4
40 16 63
40 16 5
40 15 64
40 15 4
50 16 63
50 16 5
40 16 64
40 16 4
40 16 63
40 16 4
66 16 68
63 16 0
64 15 25
60 15 5
63 16 38
59 16 0
59 15 25
54 15 4
69 16 25
66 16 0
66 14 25
63 14 5
63 16 25
59 16 4
59 15 24
57 15 5
71 16 24
69 16 5
69 14 21
66 14 4
66 16 25
63 16 4
63 15 25
59 15 0
75 16 25
71 16 5
73 14 25
69 14 0
71 16 25
66 16 4
69 15 25
63 15 0
40 15 25
40 15 4
40 16 24
40 16 5
52 16 64
55 16 4
40 16 68
40 16 0
40 16 68
40 16 0
50 16 67
54 16 0
40 15 68
40 15 4
40 16 68
40 16 5
48 16 64
51 16 4
40 15 63
40 15 4
40 16 63
40 16 5
46 16 64
50 16 4
40 16 63
40 16 5
40 16 64
40 16 4
47 16 67
50 16 0
48 17 83
52 17 0
40 16 54
40 16 0
40 16 68
40 16 4
52 16 68
55 16 5
40 15 63
40 15 5
40 15 63
40 15 4
50 15 63
54 15 5
40 16 64
40 16 4
40 15 63
40 15 4
48 17 63
52 17 5
40 16 68
40 16 0
40 16 68
40 16 0
46 16 68
49 16 0
40 15 12
40 15 5
40 15 77
40 15 5
52 16 63
55 16 4
40 15 63
40 15 5
40 16 68
40 16 0
50 16 67
54 16 0
40 16 68
40 16 0
40 16 68
40 16 5
48 17 68
51 17 4
40 15 63
40 15 5
40 15 63
40 15 5
46 16 63
50 16 4
40 16 63
40 16 5
40 16 64
40 16 4
47 16 63
50 16 5
48 16 82
52 16 0
40 16 54
40 16 0
40 15 68
40 15 0
52 17 68
55 17 5
40 16 67
40 16 5
40 15 54
40 15 4
50 16 63
54 16 5
40 16 64
40 16 4
40 16 63
40 16 5
79 15 63
76 15 5
76 16 24
71 16 5
71 14 35
67 14 4
67 16 25
64 16 4
76 15 25
71 15 0
79 16 25
76 16 5
76 14 25
71 14 0
71 16 25
67 16 4
67 15 25
64 15 0
71 16 25
67 16 4
76 14 25
71 14 4
71 16 24
67 16 5
79 15 25
76 15 5
76 16 21
71 16 4
71 15 25
67 15 4
67 16 25
64 16 0
45 15 25
45 15 5
45 16 24
45 16 5
57 16 63
60 16 4
45 16 63
45 16 5
45 16 64
45 16 4
55 16 68
59 16 0
45 15 68
45 15 0
45 16 67
45 16 0
53 16 68
56 16 4
45 15 68
45 15 5
45 16 64
45 16 4
51 16 63
55 16 4
45 16 63
45 16 5
45 16 64
45 16 4
52 16 63
55 16 5
53 17 77
57 17 5
45 16 54
45 16 0
45 16 68
45 16 0
57 16 68
60 16 0
45 15 68
45 15 4
45 15 68
45 15 4
55 15 63
59 15 5
45 16 64
45 16 4
45 15 63
45 15 5
53 17 64
57 17 4
45 16 63
45 16 4
45 16 63
45 16 5
51 16 68
55 16 0
45 15 12
45 15 5
45 15 78
45 15 4
57 16 63
60 16 4
45 15 63
45 15 5
45 16 64
45 16 4
55 16 63
59 16 5
45 16 68
45 16 0
45 16 67
45 16 0
53 17 68
56 17 0
45 15 68
45 15 5
45 15 68
45 15 4
51 16 63
55 16 4
45 16 63
45 16 5
45 16 64
45 16 4
52 16 63
55 16 5
53 16 78
57 16 4
45 16 50
45 16 4
45 15 68
45 15 0
57 17 68
60 17 0
45 16 68
45 16 0
45 15 54
45 15 5
55 16 67
59 16 5
45 16 63
45 16 4
45 16 63
45 16 5
69 16 64
64 16 4
65 15 25
62 15 0
64 16 38
60 16 4
69 15 25
64 15 4
64 16 24
60 16 5
60 14 25
57 14 5
64 16 21
60 16 4
69 15 25
64 15 4
72 16 25
69 16 0
69 14 25
64 14 5
64 16 25
60 16 0
69 15 24
64 15 5
64 16 24
60 16 0
69 14 25
64 14 4
64 16 25
60 16 4
60 15 25
57 15 5
40 15 25
40 15 5
40 16 25
40 16 4
52 16 63
55 16 5
40 16 63
40 16 5
40 16 63
40 16 4
50 16 63
54 16 5
40 15 64
40 15 4
40 16 67
40 16 0
48 16 68
51 16 0
40 15 68
40 15 0
40 16 68
40 16 4
46 16 68
50 16 5
40 16 63
40 16 5
40 16 63
40 16 4
47 16 63
50 16 5
48 17 78
52 17 4
40 16 50
40 16 5
40 16 63
40 16 5
52 16 67
55 16 0
40 15 68
40 15 0
40 15 68
40 15 0
50 15 67
54 15 5
40 16 68
40 16 4
40 15 63
40 15 5
48 17 64
52 17 4
40 16 63
40 16 5
40 16 63
40 16 5
46 16 63
49 16 4
40 15 12
40 15 5
40 15 78
40 15 4
52 16 63
55 16 5
40 15 63
40 15 5
40 16 63
40 16 4
50 16 63
54 16 5
40 16 64
40 16 4
40 16 63
40 16 5
48 17 68
51 17 0
40 15 67
40 15 0
40 15 68
40 15 0
46 16 68
50 16 5
40 16 68
40 16 4
40 16 63
40 16 4
47 16 63
50 16 5
48 16 78
52 16 4
40 16 50
40 16 5
40 15 63
40 15 5
52 17 63
55 17 4
40 16 68
40 16 0
40 15 59
40 15 0
50 16 68
54 16 0
40 16 68
40 16 4
40 16 67
40 16 5
48 17 64
52 17 4
40 16 63
40 16 5
40 16 64
40 16 4
46 16 63
49 16 4
49 15 12
49 15 0
49 16 83
49 16 4
61 16 68
67 16 5
49 16 64
49 16 4
49 16 63
49 16 4
59 16 63
66 16 5
49 15 64
49 15 4
49 16 63
49 16 5
57 16 64
64 16 4
49 15 67
49 15 0
49 16 68
49 16 0
55 16 68
61 16 0
49 16 68
49 16 4
49 16 68
49 16 4
56 16 63
61 16 5
57 17 78
64 17 4
47 16 50
47 16 5
47 16 64
47 16 4
59 16 63
66 16 4
47 15 63
47 15 5
47 15 68
47 15 0
57 15 68
64 15 0
47 16 68
47 16 0
47 15 67
47 15 5
55 17 68
63 17 4
46 16 63
46 16 5
45 16 64
45 16 4
53 16 63
59 16 4
40 15 12
40 15 0
40 15 83
40 15 0
52 16 68
55 16 5
40 15 68
40 15 4
40 16 63
40 16 4
50 16 63
54 16 5
40 16 64
40 16 4
40 16 63
40 16 5
48 17 64
51 17 4
40 15 63
40 15 4
40 15 68
40 15 0
46 16 68
50 16 0
40 16 68
40 16 0
40 16 68
40 16 5
47 16 67
50 16 5
48 16 78
52 16 4
40 16 49
40 16 5
40 15 64
40 15 4
52 17 63
55 17 4
40 16 63
40 16 5
40 15 64
40 15 4
50 16 68
54 16 0
40 16 68
40 16 0
40 16 67
40 16 0
71 16 68
69 16 4
69 15 25
66 15 5
66 16 38
63 16 5
63 15 21
59 15 4
59 16 25
57 16 4
57 14 25
54 14 0
54 16 25
51 16 5
51 15 25
47 15 0
75 16 24
71 16 5
73 14 24
69 14 0
71 16 25
66 16 4
69 15 25
63 15 4
66 16 25
59 16 5
63 14 25
57 14 5
59 16 21
54 16 4
57 15 25
51 15 4
40 26 0
40 28 1220
40 28 1220
40 28 1224
40 26 1220
40 27 1224
40 27 1220
40 25 1224
40 18 1220
40 20 68
40 18 72
40 20 68
40 19 67
40 20 68
40 18 68
40 18 68
40 20 72
40 20 68
40 19 68
40 18 67
40 19 68
40 20 72
40 18 68
40 15 68
40 16 68
40 20 68
40 20 67
40 19 73
40 21 67
40 19 68
40 18 68
40 20 68
40 20 72
40 18 68
40 19 68
40 21 67
40 22 68
40 21 68
40 20 72
40 22 68
33 18 68
33 20 68
33 18 67
33 20 73
33 19 68
33 20 67
33 18 68
33 18 68
33 20 68
33 20 72
33 19 68
33 18 68
33 19 67
33 20 68
33 18 72
33 15 68
33 16 68
33 20 68
33 20 68
33 19 67
33 21 73
33 19 67
33 18 68
33 20 68
33 20 68
33 18 72
33 19 68
33 21 68
33 22 67
33 21 68
33 20 68
33 22 72
40 18 68
40 20 68
40 18 68
40 20 67
40 19 73
40 20 67
40 18 68
40 18 68
40 20 68
40 20 68
40 19 72
40 18 68
40 19 67
40 20 68
40 18 68
40 15 72
40 16 68
40 20 68
40 20 68
40 19 67
40 21 68
40 19 73
40 18 67
40 20 68
40 20 68
40 18 68
40 19 72
40 21 68
40 22 68
40 21 67
40 20 68
40 22 68
37 24 72
37 21 68
37 19 68
37 22 68
37 25 67
37 22 73
37 22 67
37 21 68
35 16 68
35 20 68
35 22 68
35 18 72
33 21 68
33 21 67
33 18 68
33 19 68
40 17 72
40 18 68
40 18 68
40 18 68
40 16 67
40 16 68
40 19 72
40 18 68
40 18 68
40 21 68
40 19 68
40 22 72
28 22 68
40 26 560
40 27 1224
40 27 1220
40 25 1224
40 18 1220
40 20 68
40 18 72
40 20 68
40 19 68
40 20 67
40 18 68
40 18 72
40 20 68
40 20 68
40 19 68
40 18 68
40 19 67
40 20 73
40 18 67
40 15 68
40 16 68
40 20 68
40 20 72
40 19 68
40 21 68
40 19 67
40 18 68
40 20 68
40 20 72
40 18 68
40 19 68
40 21 68
40 22 67
40 21 73
40 20 68
40 22 67
33 18 68
33 20 68
33 18 68
33 20 72
33 19 68
33 20 68
33 18 67
33 18 68
33 20 72
33 20 68
33 19 68
33 18 68
33 19 68
33 20 67
33 18 73
33 15 67
33 16 68
33 20 68
33 20 68
33 19 72
33 21 68
33 19 68
33 18 67
33 20 68
33 20 68
33 18 72
33 19 68
33 21 68
33 22 68
33 21 67
33 20 73
33 22 67
40 18 68
40 20 68
40 18 68
40 20 68
40 19 72
40 20 68
40 18 67
40 18 68
40 20 68
40 20 72
40 19 68
40 18 68
40 19 68
40 20 67
40 18 68
40 15 73
40 16 67
40 20 68
40 20 68
40 19 68
40 21 72
40 19 68
40 18 68
40 20 67
40 20 68
40 18 68
40 19 72
40 21 68
40 22 68
40 21 68
40 20 67
40 22 73
37 24 67
37 21 68
37 19 68
37 22 68
37 25 68
37 22 72
37 22 68
37 21 67
35 16 68
35 20 68
35 22 72
35 18 68
33 21 68
33 21 68
33 18 67
33 19 68
40 17 72
40 18 68
40 18 68
40 18 68
40 16 68
40 16 72
40 19 68
40 18 67
40 18 68
40 21 68
40 19 68
40 22 72
28 22 68
36 28 0
40 26 0
41 27 0
36 28 1220
41 28 0
40 28 0
36 28 1220
41 28 0
40 28 0
36 27 1224
41 28 0
40 27 0
36 28 1220
57 13 0
49 16 0
40 28 0
41 28 0
49 5 29
57 5 0
57 14 1099
36 28 0
49 15 0
40 28 0
41 28 0
49 5 25
57 5 0
57 12 1099
49 16 0
36 27 0
41 28 0
40 27 0
49 5 29
57 5 0
57 15 1099
49 16 0
36 28 0
41 28 0
40 28 0
49 5 25
57 5 0
41 20 439
40 20 0
36 21 0
41 21 86
40 18 0
36 19 0
36 20 72
41 20 0
40 20 0
41 20 68
40 16 0
36 20 0
36 21 68
41 20 0
40 20 0
41 19 68
36 21 0
40 18 0
36 20 68
41 21 0
40 20 0
40 20 67
41 21 0
36 21 0
36 26 68
46 16 4
40 26 64
46 19 9
36 26 63
46 18 9
36 26 73
40 28 60
46 18 9
36 28 59
46 17 5
40 26 63
46 16 13
36 26 55
46 17 9
36 27 73
40 27 60
46 17 9
36 27 63
46 15 5
40 27 63
46 16 9
36 26 60
46 14 17
36 26 64
40 27 50
46 17 13
46 17 55
36 28 0
40 26 72
46 15 0
46 16 64
36 27 4
36 27 83
40 27 68
46 16 5
46 17 59
36 27 5
46 15 68
40 27 0
36 27 67
46 18 0
36 26 86
46 16 68
40 28 5
36 27 67
46 14 5
40 27 63
46 17 5
46 16 63
36 27 0
40 27 68
46 16 9
46 16 63
36 28 0
46 16 63
40 28 5
46 16 63
36 27 5
36 27 82
40 27 67
46 16 5
36 18 63
50 20 5
40 18 4
36 21 74
36 21 60
40 19 9
47 19 5
36 21 72
36 19 59
45 21 13
40 20 3
36 21 65
36 21 51
40 20 13
41 16 3
36 21 65
40 20 9
41 20 0
51 25 51
36 26 0
51 26 68
40 26 0
36 26 67
51 26 0
36 26 83
51 25 73
40 28 0
51 26 68
36 28 0
51 27 67
40 26 0
36 26 68
51 25 0
36 27 83
40 27 68
51 25 0
51 24 68
36 27 0
51 25 72
40 27 0
36 26 68
51 23 0
36 26 82
40 27 68
51 25 0
51 23 67
36 28 0
51 24 68
40 26 0
36 27 72
51 26 0
36 27 83
40 27 68
51 24 0
51 24 68
36 27 0
51 26 68
40 27 0
36 27 68
51 24 0
36 26 82
40 28 67
51 26 0
51 25 73
36 27 0
51 27 67
40 27 0
51 25 68
36 27 0
51 25 68
40 27 0
51 27 68
36 28 0
51 26 72
40 28 0
36 27 68
51 27 0
36 27 82
51 26 68
40 27 0
51 25 67
40 18 9
40 20 35
36 18 43
40 21 25
36 20 68
36 19 30
40 21 42
40 19 25
36 19 33
36 21 30
40 21 34
40 20 30
36 21 29
46 16 20
36 26 0
40 26 68
46 19 4
36 26 64
46 18 9
36 26 73
40 28 59
46 18 13
36 28 60
46 17 4
40 26 63
46 16 9
36 26 60
46 17 5
36 27 78
40 27 63
46 17 9
36 27 60
46 15 4
40 27 64
46 16 9
36 26 63
46 14 17
36 26 64
40 27 51
46 17 12
46 17 55
36 28 0
40 26 68
46 15 5
36 27 63
46 16 0
36 27 82
40 27 72
46 16 5
46 17 60
36 27 4
46 15 63
40 27 5
36 27 68
46 18 0
36 26 82
40 28 67
46 16 0
36 27 68
46 14 9
40 27 64
46 17 4
46 16 63
36 27 0
40 27 68
46 16 9
36 28 60
46 16 4
46 16 60
40 28 5
46 16 67
36 27 5
36 27 82
40 27 68
46 16 4
38 19 64
40 21 0
36 19 73
38 18 59
40 21 5
36 20 72
38 18 72
40 20 0
38 18 25
40 20 5
36 21 43
38 19 24
40 21 5
36 21 63
57 18 72
36 26 0
53 28 63
40 26 5
53 28 63
36 26 5
36 26 82
53 27 63
40 28 5
53 28 67
36 28 0
53 26 73
40 26 0
53 27 67
36 26 0
36 27 83
53 28 64
40 27 4
36 27 68
49 18 0
53 28 63
40 27 5
53 27 63
36 26 5
36 26 85
53 28 63
40 27 9
53 28 63
36 28 5
53 28 67
40 26 0
53 28 68
36 27 0
36 27 83
53 28 68
40 27 0
57 18 72
36 27 0
53 28 64
40 27 4
53 28 68
36 27 0
36 26 82
53 28 60
40 28 9
53 28 63
36 27 4
53 28 64
40 27 4
53 28 68
36 27 4
53 27 68
40 27 0
53 28 68
36 28 0
40 28 68
53 28 4
36 27 64
53 28 4
36 27 78
53 28 63
40 27 5
36 22 68
38 26 0
53 28 0
40 27 0
36 28 560
57 13 0
49 16 0
40 28 0
41 28 0
49 5 29
57 5 0
57 14 1099
36 28 0
49 15 0
40 28 0
41 28 0
49 5 29
57 5 0
57 12 1095
49 16 0
36 27 0
41 28 0
40 27 0
49 5 29
57 5 0
57 15 1099
49 16 0
36 28 0
41 28 0
40 28 0
49 5 25
57 5 0
41 20 444
40 20 0
36 21 82
41 20 68
40 20 0
36 20 68
36 21 67
41 20 0
40 20 0
41 19 68
36 21 0
40 18 0
36 20 68
41 21 0
40 20 0
40 20 68
41 21 0
36 21 0
36 26 68
46 16 4
40 26 64
46 19 9
36 26 63
46 18 9
36 26 73
40 28 60
46 18 12
36 28 56
46 17 9
40 26 59
46 16 13
36 26 55
46 17 9
36 27 74
40 27 63
46 17 5
36 27 63
46 15 5
40 27 63
46 16 9
36 26 60
46 14 17
36 26 64
40 27 51
46 17 12
46 17 55
36 28 0
40 26 73
46 15 0
36 27 67
46 16 0
36 27 83
40 27 68
46 16 5
46 17 63
36 27 0
46 15 68
40 27 0
46 18 68
36 27 4
36 26 82
46 16 63
40 28 5
36 27 68
46 14 4
40 27 63
46 17 5
46 16 63
36 27 0
40 27 68
46 16 9
46 16 63
36 28 0
46 16 64
40 28 4
36 27 68
46 16 0
36 27 82
40 27 68
46 16 4
36 18 63
50 20 5
40 18 4
36 21 74
36 21 64
40 19 4
47 19 5
36 21 72
36 19 60
45 21 12
40 20 3
36 21 65
36 21 51
40 20 13
41 16 3
36 21 65
51 25 51
36 26 0
51 26 68
40 26 0
36 26 68
51 26 0
36 26 86
51 25 72
40 28 0
51 26 68
36 28 0
51 27 68
40 26 0
36 26 67
51 25 0
36 27 83
40 27 68
51 25 0
51 24 72
36 27 0
51 25 68
40 27 0
36 26 68
51 23 0
36 26 82
40 27 68
51 25 0
51 23 68
36 28 0
51 24 67
40 26 0
36 27 73
51 26 0
36 27 82
40 27 67
51 24 0
51 24 68
36 27 0
51 26 68
40 27 0
36 27 68
51 24 0
36 26 82
40 28 72
51 26 0
51 25 68
36 27 0
51 27 68
40 27 0
51 25 67
36 27 0
51 25 68
40 27 0
51 27 68
36 28 0
51 26 72
40 28 0
36 27 68
51 27 0
36 27 82
51 26 68
40 27 0
51 25 68
40 18 9
36 18 77
40 21 59
36 20 68
36 19 30
40 21 43
40 19 25
36 19 34
40 21 34
36 21 67
36 20 20
46 16 43
36 26 0
40 26 68
46 19 5
36 26 63
46 18 9
36 26 73
40 28 60
46 18 12
36 28 60
46 17 4
40 26 64
46 16 12
36 26 55
46 17 5
36 27 78
40 27 63
46 17 9
36 27 60
46 15 5
40 27 67
46 16 5
36 26 63
46 14 17
36 26 64
40 27 51
46 17 12
46 17 56
36 28 0
40 26 67
46 15 5
36 27 63
46 16 0
36 27 86
40 27 73
46 16 4
46 17 60
36 27 4
46 15 64
40 27 4
36 27 68
46 18 0
36 26 82
40 28 68
46 16 0
36 27 72
46 14 4
40 27 64
46 17 4
46 16 64
36 27 0
40 27 67
46 16 9
36 28 60
46 16 5
46 16 59
40 28 5
46 16 68
36 27 4
36 27 83
40 27 68
46 16 4
38 19 64
40 21 0
36 19 73
38 18 60
40 21 4
36 20 72
38 18 72
40 20 5
38 18 25
40 20 5
36 21 43
38 19 25
40 21 4
36 21 63
57 18 72
36 26 0
53 28 64
40 26 4
53 28 63
36 26 5
36 26 82
53 27 63
40 28 5
53 28 68
36 28 0
53 26 72
40 26 0
53 27 68
36 26 0
36 27 82
53 28 63
40 27 4
36 27 68
49 18 0
53 28 68
40 27 0
53 27 68
36 26 4
36 26 83
53 28 60
40 27 9
53 28 63
36 28 5
53 28 68
40 26 0
53 28 67
36 27 0
36 27 83
53 28 68
40 27 0
57 18 72
36 27 0
53 28 64
40 27 4
53 28 68
36 27 0
36 26 82
53 28 60
40 28 9
53 28 63
36 27 5
53 28 67
40 27 5
53 28 63
36 27 5
53 27 67
40 27 0
53 28 68
36 28 0
40 28 68
53 28 4
36 27 64
53 28 4
36 27 83
53 28 64
40 27 4
36 22 68
38 26 0
53 28 0
40 27 4
